route = [1 1 1; 2 1 1; 3 1 1; 3 1 2; 3 2 2; 3 3 2; 4 3 2; 4 3 3; 4 4 3; 4 5 3; 4 5 2; 4 5 1]

% Using:
% x_scale = 0.65;
% y_scale = 0.55;
% z_scale = 0.75;

% x_offset = 0.3;
% y_offset = 0.5;
% z_offset = 0.25;
route_scaled = [0.30 0.50 0.25; 0.95 0.50 0.25; 1.6 0.50 0.25; 1.6 0.50 1; 1.6 1.05 1; 1.6 1.6 1; 2.25 1.6 1; 2.25 1.6 1.75; 2.25 2.15 1.75; 2.25 2.7 1.75; 2.25 2.7 1; 2.25 2.7 0.25]
